Generations,PopulationSize,SelectionCoefficient,RecombinationCoefficient,NumSingleton,SingletonFrequency
0,200,0.5,0.1,0,0
1,200,0.5,0.1,0,0
2,200,0.5,0.1,2,0.01
3,200,0.5,0.1,2,0.01
4,200,0.5,0.1,3,0.015
5,200,0.5,0.1,8,0.04
6,200,0.5,0.1,10,0.05
7,200,0.5,0.1,19,0.095
8,200,0.5,0.1,25,0.125
9,200,0.5,0.1,27,0.135
10,200,0.5,0.1,38,0.19
11,200,0.5,0.1,50,0.25
12,200,0.5,0.1,53,0.265
13,200,0.5,0.1,67,0.335
14,200,0.5,0.1,59,0.295
15,200,0.5,0.1,67,0.335
16,200,0.5,0.1,66,0.33
17,200,0.5,0.1,71,0.355
18,200,0.5,0.1,69,0.345
19,200,0.5,0.1,85,0.425
20,200,0.5,0.1,87,0.435
21,200,0.5,0.1,81,0.405
22,200,0.5,0.1,81,0.405
